2021-08-11 16:06:04,702:INFO:root:Results created at /workspace/data/randerson/NorthPond/NORP83/NORP83_out2log.txt
2021-08-11 16:06:04,723:INFO:root:Begun filtering variants with parameters: optimise probability = True, lr threshold = 25.0, min. coverage = 5.0, q-value threshold = 0.001, min. variant frequency = 0.01
2021-08-11 16:06:05,066:INFO:root:Variant filter iter: 0 359 [[9.12899212e-01 6.22148486e-03 5.59933637e-02 2.48859394e-02]
 [3.07591623e-02 9.17539267e-01 6.54450262e-04 5.10471204e-02]
 [6.89013035e-02 5.58659218e-03 9.03165736e-01 2.23463687e-02]
 [2.33100233e-02 4.77855478e-02 1.34032634e-02 9.15501166e-01]]
2021-08-11 16:06:05,375:INFO:root:Variant filter iter: 1 278 [[8.82681564e-01 3.72439479e-03 8.42644320e-02 2.93296089e-02]
 [2.79210926e-02 8.81638847e-01 3.03490137e-04 9.01365706e-02]
 [1.19378577e-01 2.45298446e-03 8.68356500e-01 9.81193786e-03]
 [2.22950820e-02 7.80327869e-02 7.54098361e-03 8.92131148e-01]]
2021-08-11 16:06:05,680:INFO:root:Variant filter iter: 2 253 [[8.61901052e-01 9.73899494e-04 1.10245423e-01 2.68796260e-02]
 [2.17327460e-02 8.75477239e-01 2.93685756e-04 1.02496329e-01]
 [1.65845649e-01 1.64203612e-03 8.25944171e-01 6.56814450e-03]
 [1.98855898e-02 9.83383274e-02 6.26532280e-03 8.75510760e-01]]
2021-08-11 16:06:05,993:INFO:root:Variant filter iter: 3 239 [[8.49991369e-01 1.03573278e-03 1.25151044e-01 2.38218540e-02]
 [2.04025365e-02 8.70140612e-01 2.75709953e-04 1.09181141e-01]
 [1.90605686e-01 2.47218789e-04 8.03213844e-01 5.93325093e-03]
 [1.71926519e-02 1.18464437e-01 4.47479981e-03 8.59868111e-01]]
2021-08-11 16:06:06,317:INFO:root:Variant filter iter: 4 233 [[8.46855815e-01 9.95520159e-04 1.29251701e-01 2.28969637e-02]
 [2.04025365e-02 8.70140612e-01 2.75709953e-04 1.09181141e-01]
 [2.15069968e-01 2.15285253e-04 7.79332616e-01 5.38213132e-03]
 [1.71926519e-02 1.18464437e-01 4.47479981e-03 8.59868111e-01]]
2021-08-11 16:06:06,640:INFO:root:Variant filter iter: 5 230 [[8.43729695e-01 9.74658869e-04 1.32716049e-01 2.25795971e-02]
 [2.04025365e-02 8.70140612e-01 2.75709953e-04 1.09181141e-01]
 [2.33378826e-01 1.94969780e-04 7.62721778e-01 3.70442581e-03]
 [1.71926519e-02 1.18464437e-01 4.47479981e-03 8.59868111e-01]]
2021-08-11 16:06:07,013:INFO:root:Variant filter iter: 6 228 [[8.40717802e-01 9.52834683e-04 1.36255360e-01 2.20740035e-02]
 [2.04025365e-02 8.70140612e-01 2.75709953e-04 1.09181141e-01]
 [2.39048338e-01 1.88821752e-04 7.57175227e-01 3.58761329e-03]
 [1.71926519e-02 1.18464437e-01 4.47479981e-03 8.59868111e-01]]
2021-08-11 16:06:07,331:INFO:root:Variant filter iter: 7 227 [[8.40717802e-01 9.52834683e-04 1.36255360e-01 2.20740035e-02]
 [2.04025365e-02 8.70140612e-01 2.75709953e-04 1.09181141e-01]
 [2.43278324e-01 1.85425552e-04 7.53013165e-01 3.52308548e-03]
 [1.71926519e-02 1.18464437e-01 4.47479981e-03 8.59868111e-01]]
2021-08-11 16:06:07,648:INFO:root:Variant filter iter: 8 227 [[8.40717802e-01 9.52834683e-04 1.36255360e-01 2.20740035e-02]
 [2.04025365e-02 8.70140612e-01 2.75709953e-04 1.09181141e-01]
 [2.43278324e-01 1.85425552e-04 7.53013165e-01 3.52308548e-03]
 [1.71926519e-02 1.18464437e-01 4.47479981e-03 8.59868111e-01]]
2021-08-11 16:06:07,650:INFO:root:Completed variant filtering
2021-08-11 16:06:07,655:INFO:root:Output selected variants to NORP83_out2sel_var.csv
2021-08-11 16:06:07,669:INFO:root:Output minor variant frequencies to NORP83_out2v_df.csv
2021-08-11 16:06:07,680:INFO:root:Output p-values to NORP83_out2p_df.csv
2021-08-11 16:06:07,689:INFO:root:Output q-values to NORP83_out2q_df.csv
2021-08-11 16:06:07,697:INFO:root:Output log ratios to NORP83_out2r_df.csv
2021-08-11 16:06:07,706:INFO:root:Output estimated error matrix to NORP83_out2tran_df.csv
